nan
nan
nan
nan
nan
nan
nan
nan
nan
nan
nan
nan
nan
nan
nan
nan
nan
nan
nan
nan
nan
nan
nan
2.834117025627808175e+02
2.615719392729569677e+02
2.876851661869058603e+02
2.673313648861601450e+02
2.808020997617260832e+02
2.254657548374948135e+02
2.120497132443032058e+02
2.044439531858015187e+02
2.005700109668728146e+02
2.420037575697149919e+02
1.852824518331142372e+02
1.944424159707326965e+02
1.374415242288426953e+02
1.260423649463172637e+02
1.177976563134365051e+02
1.062647593956613150e+02
8.726767027049390890e+01
7.945642511181125656e+01
7.811753048664981236e+01
7.045666926102965988e+01
6.515592239437677335e+01
7.312134395983892432e+01
6.568878388952866487e+01
6.113902275877619275e+01
5.977491451978358583e+01
6.593853262803992266e+01
6.244587295151151096e+01
5.746755208783754654e+01
5.875235627134147620e+01
6.215156812732461589e+01
5.231407768277066594e+01
5.530714098840801540e+01
6.342001970385114618e+01
5.472817956752606250e+01
4.703949742823107272e+01
4.883779433891378829e+01
5.391061641741903543e+01
5.153864808477088388e+01
4.772859242900511134e+01
4.820890762089316439e+01
5.043610106276099714e+01
4.615344236607742801e+01
4.836722976653155115e+01
4.630287302225306689e+01
4.794211296417971369e+01
4.730853059543140660e+01
4.395388103134536806e+01
4.169635061095372919e+01
4.512898007436399439e+01
4.620313825535957619e+01
4.418610703330281098e+01
4.662022104393282262e+01
3.974254587302831254e+01
4.631020533691829399e+01
4.392202307505979775e+01
4.317129358549728835e+01
3.786453884334532916e+01
3.619754077219454302e+01
3.816460268369961284e+01
3.441091870699921174e+01
3.552705424988509009e+01
4.037399273213099349e+01
3.984985533645012623e+01
3.764443919920559978e+01
4.109943414276927598e+01
3.718125172771092224e+01
3.655292018005675203e+01
3.267400514234792297e+01
3.597171093510563367e+01
3.280993514691555646e+01
3.654030214311139702e+01
3.268883458157947075e+01
3.272304536250688045e+01
3.628257059572903387e+01
3.677411247902543323e+01
3.783856001391399815e+01
3.844123778257512924e+01
3.651296116579246842e+01
3.797506889203385327e+01
4.403928031639814122e+01
4.639520993322207687e+01
4.338586872550918372e+01
5.564355787429719413e+01
5.647593760977516553e+01
5.317080994994818610e+01
4.769352250938367632e+01
6.437547788224918577e+01
5.410631995129417504e+01
5.389342001095246104e+01
6.169890505124485003e+01
8.042367101607263180e+01
7.486665094758255634e+01
6.927560005187156378e+01
5.811173009590854832e+01
5.772413331914645340e+01
7.470162902003009719e+01
8.436745471375401451e+01
7.901171426918440943e+01
7.371805305180713219e+01
6.428436944826991351e+01
5.608257198123894938e+01
4.932578466334371825e+01
5.067502630583175716e+01
4.734813755514211664e+01
5.104510022957396131e+01
6.670518886692863703e+01
1.122910880055830773e+02
1.263482942988851647e+02
2.045663225742842428e+02
1.228361802217442147e+02
9.939383241707371042e+01
1.992450639836697803e+02
nan
2.437851037809012666e+02
nan
nan
nan
nan
2.309255436369222991e+02
2.166187278317812854e+02
nan
