nan
nan
nan
nan
nan
nan
nan
nan
nan
nan
nan
nan
nan
nan
nan
nan
nan
nan
2.880299750830070593e+02
nan
nan
nan
2.155285887180865529e+02
1.981338642792363203e+02
1.808482240228229330e+02
1.962690930180947646e+02
1.841482778363840396e+02
1.933787361269531004e+02
1.491925800234892279e+02
1.372944577352501767e+02
1.323646772429672467e+02
1.289283364000165193e+02
1.481568547028356306e+02
1.153744400032817197e+02
1.230824304538087830e+02
8.502018034966043558e+01
7.794688783515370289e+01
7.288679944781345910e+01
6.591828212610684545e+01
5.451971389156191350e+01
4.945923439321816062e+01
4.868828258554653132e+01
4.395136038500881881e+01
4.061215592193234869e+01
4.547235592067605126e+01
4.083665060986553641e+01
3.797052881041033601e+01
3.705479064511209231e+01
4.057049698882014610e+01
3.842166979796520820e+01
3.544032077447491247e+01
3.631403994078647912e+01
3.836053120853595289e+01
3.244636456132785440e+01
3.429256695284948364e+01
3.916560385513883347e+01
3.376214637539165153e+01
2.913474264460807106e+01
3.028141076880696403e+01
3.313652426392522443e+01
3.209569597080840708e+01
2.954096398296094250e+01
2.981897506510367180e+01
3.125307288764178537e+01
2.856083545836562010e+01
2.994287831084928442e+01
2.865052449678078972e+01
2.968869692391393400e+01
2.927931501945123571e+01
2.718501299982480646e+01
2.588865177670798445e+01
2.790123002802693364e+01
2.856336898983830608e+01
2.744053516408658311e+01
2.882524847758031683e+01
2.469518591156479914e+01
2.868354303333963884e+01
2.732996784617391484e+01
2.681202276286610697e+01
2.358233421052318590e+01
2.261842198284043803e+01
2.384728865728182257e+01
2.151452785008292778e+01
2.221539800392324793e+01
2.517738279628058251e+01
2.487675382395201851e+01
2.350809558112245767e+01
2.563904616319407737e+01
2.323996646841998981e+01
2.288719117919017876e+01
2.050086428593254695e+01
2.256510381188959968e+01
2.059524293016169949e+01
2.292476199499171230e+01
2.050414052155797506e+01
2.054784189098559466e+01
2.282296154841897007e+01
2.312715966296347858e+01
2.379278508808850034e+01
2.421480111817275827e+01
2.299090811444007443e+01
2.391412650010612850e+01
2.778439447088990022e+01
2.927814717761312124e+01
2.742473473871199019e+01
3.529978255034507839e+01
3.586875194188264970e+01
3.351954667840452373e+01
2.990458820711834420e+01
4.072601779977917147e+01
3.416300500375185578e+01
3.404003571072625789e+01
3.904445260539205975e+01
5.131254143835096215e+01
4.734542951874171735e+01
4.358968437676350050e+01
3.658034441651346214e+01
3.638131674243773972e+01
4.712139558657471383e+01
5.335226520234686376e+01
5.000037578588715803e+01
4.666955777655338267e+01
4.058531535319590944e+01
3.533421284544288454e+01
3.101810680306432388e+01
3.195342527956923817e+01
2.983330042408457672e+01
3.214271724937530905e+01
4.193783754870312919e+01
7.092520875149894266e+01
8.008105968993218937e+01
1.302725647526724799e+02
7.835879403535970766e+01
6.309285104092695917e+01
1.306604293733362567e+02
nan
1.703136440451085889e+02
nan
nan
nan
nan
1.552397372721303270e+02
1.488198577351018912e+02
nan
