nan
nan
nan
nan
nan
nan
nan
nan
nan
nan
nan
nan
nan
nan
nan
nan
nan
nan
nan
nan
nan
nan
2.472763828888938633e+02
2.246300690351818048e+02
2.058840949768502355e+02
2.245597726241759062e+02
2.099313881971035585e+02
2.204750362595532636e+02
1.726808983443579564e+02
1.602353825038543107e+02
1.544842544970109941e+02
1.508885618592910305e+02
1.766871290308623088e+02
1.366918169720722744e+02
1.449031376770611814e+02
1.009862988461286477e+02
9.259472833902238165e+01
8.656603814856792667e+01
7.821287975579994622e+01
6.451160518485430373e+01
5.860582328361112303e+01
5.766377102159311363e+01
5.203634515062508115e+01
4.809772557075685029e+01
5.390149393298475644e+01
4.841267979452454284e+01
4.503205159046905948e+01
4.397735695911507037e+01
4.828948709217545598e+01
4.573176267503195902e+01
4.214554164800400571e+01
4.314714173448921741e+01
4.560373233398521364e+01
3.850038895012663431e+01
4.069571849173862432e+01
4.655062979916141330e+01
4.014471116696461905e+01
3.458927086180111843e+01
3.593555338856631920e+01
3.945652840918531723e+01
3.802462076102527533e+01
3.508097524927053712e+01
3.541996006157555854e+01
3.709750531361815717e+01
3.391942595502840163e+01
3.555521929834426231e+01
3.402721829841135559e+01
3.524927057934777963e+01
3.477101747403965959e+01
3.229220384449467218e+01
3.070644592059596789e+01
3.314782364717679286e+01
3.393537403372892669e+01
3.254437121215267581e+01
3.424465493185440579e+01
2.928190264751914285e+01
3.405336958841674289e+01
3.238879328601124286e+01
3.179817628542392427e+01
2.793761586753500481e+01
2.676175712908286641e+01
2.821585695673629957e+01
2.544995778236409123e+01
2.627764944402300529e+01
2.981257335257767949e+01
2.944463906980136869e+01
2.782097671221854895e+01
3.035500029928273946e+01
2.749403445551982372e+01
2.705849118602907666e+01
2.421796108611100706e+01
2.665868284563971358e+01
2.432532557060228484e+01
2.708223451069666154e+01
2.422456724847884857e+01
2.426609954916634138e+01
2.693461082930035388e+01
2.729589702844310395e+01
2.808324278556732878e+01
2.856166193840732959e+01
2.712228446054382403e+01
2.821022207811994775e+01
3.275226436449997180e+01
3.450972663047156175e+01
3.230430335780577877e+01
4.152272717827276693e+01
4.217340773005783205e+01
3.952469640383819893e+01
3.533582137670803291e+01
4.795696660766331831e+01
4.025891277227371035e+01
4.010877720051563244e+01
4.597150068044186355e+01
6.022537926922831986e+01
5.575969539997876723e+01
5.143660125313783738e+01
4.315850402873827818e+01
4.290313563395373109e+01
5.555033200136164595e+01
6.283472726674389719e+01
5.887116750917301289e+01
5.494070637359642717e+01
4.782909167972226072e+01
4.167402777528653957e+01
3.661047810008761161e+01
3.767468789739683643e+01
3.518514872028320895e+01
3.791797996823003558e+01
4.950315871837982229e+01
8.356985016022385082e+01
9.423167350343250348e+01
1.530119844976335912e+02
9.197586892812719839e+01
7.419800002636962688e+01
1.517506139634009514e+02
nan
1.931389896459742488e+02
nan
nan
nan
nan
1.786065404489105504e+02
1.698254665968567849e+02
nan
