      94        6       14      0.1     0.08     0.15     0.27     1.06      1.9     1.98     9.23     9.94    10.34    10.92    11.78    12.49   1011.5    12.72    13.23    13.35    11.56     9.41    -34.6
      94        6       14      0.2     0.08     0.11     0.22     0.89     2.15     1.52     8.87     9.77     10.1    10.79    11.49    12.43   1011.4    12.61    13.15    13.31    11.57     9.41    -31.6
      94        6       14      0.3     0.11     0.27     0.47     1.46     2.52     1.62     9.16     9.93    10.41    10.77    11.31    12.24   1011.2    12.51    13.07    13.27    11.57     9.41    -33.7
      94        6       14      0.4     0.08     0.09     0.34     1.52     2.48     1.78     8.76     9.21      9.7    10.51    11.24    12.09     1011    12.42    12.99    13.24    11.58     9.42    -40.2
      94        6       14      0.5     0.08     0.07     0.21     0.44      1.4     2.21     8.53     9.44      9.7    10.11    11.06    11.96   1010.9    12.33    12.91     13.2    11.58     9.41    -33.9
      94        6       14        1     0.08     0.07     0.21     0.28     1.08     2.09     8.06     9.42     9.76    10.31    10.95    11.75   1010.8    12.26    12.84    13.16    11.58     9.42    -30.6
      94        6       14      1.1     0.08     0.07     0.21     0.27     1.43     2.12     7.98     9.47      9.9    10.25    10.89     11.8   1010.7    12.17    12.78    13.13     11.6     9.42      -29
      94        6       14      1.2     0.08     0.07     0.21     0.33     1.31      2.3        8     9.61     9.95    10.33    10.97    11.89   1010.5     12.1    12.72    13.09     11.6     9.42      -30
      94        6       14      1.3     0.08     0.07     0.21     0.32     0.75     2.44     7.91      9.4      9.8    10.24    10.83    11.83   1010.3    12.02    12.65    13.05     11.6     9.42      -29
      94        6       14      1.4     0.08     0.09     0.21     0.47     1.15     2.37     7.63     9.13     9.72    10.36    10.88    11.93   1010.2    11.94    12.59    13.02    11.61     9.43    -25.5
      94        6       14      1.5     0.08     0.07     0.21     0.57     1.83     2.72     7.75      9.2     9.75    10.51    11.09    12.17     1010    11.86    12.52    12.98    11.61     9.43    -24.5
      94        6       14        2     0.08     0.08     0.23     1.18      2.2     2.99     8.54     9.31     9.93    10.69    11.45    12.27   1009.9     11.8    12.46    12.95    11.61     9.43      -29
      94        6       14      2.1     0.08     0.07     0.22     1.25     2.36     3.11     8.63     9.56    10.12    10.96    11.73     12.4   1009.7    11.73     12.4    12.91    11.62     9.44    -31.4
      94        6       14      2.2     0.08     0.12      0.3     0.84     2.21     3.17        8     9.22     9.88    10.63    11.56    12.35   1009.6    11.67    12.34    12.87    11.62     9.44    -31.6
      94        6       14      2.3     0.08     0.07     0.23     0.64     2.08     3.19     8.13     9.19     9.96    10.68    11.35    12.31   1009.5    11.61    12.28    12.83    11.62     9.43    -30.4
      94        6       14      2.4     0.08     0.07     0.21     0.42     2.01     2.93     7.89     9.38     9.79    10.57    11.45    12.25   1009.3    11.55    12.23     12.8    11.62     9.44      -28
      94        6       14      2.5     0.08     0.07     0.21     0.84     2.34     3.11     7.76     9.55    10.11    10.81    11.66    12.28   1009.2    11.49    12.17    12.76    11.62     9.44    -25.3
      94        6       14        3     0.08     0.07     0.21     1.08     2.59     3.48     7.07     9.27     9.88    10.56    11.52     12.2   1009.1    11.44    12.12    12.72    11.62     9.44    -24.3
      94        6       14      3.1     0.08     0.07     0.34     1.71     2.95     3.77     7.79     9.05     9.89    10.93    11.64    12.19   1008.9    11.38    12.07    12.69    11.63     9.44    -22.4
      94        6       14      3.2     0.08     0.07     0.28     1.48     2.85     3.44     8.69     9.39    10.15    10.98    11.67    12.15   1008.8    11.32    12.03    12.66    11.63     9.45    -26.4
      94        6       14      3.3     0.08      0.1     0.22     1.29     2.65     3.39     8.46      9.3    10.08    10.86    11.64    12.19   1008.6    11.28    11.98    12.62    11.63     9.45    -24.6
      94        6       14      3.4     0.08     0.07     0.29     1.27     2.56     3.42     9.25     9.93    10.47    11.06    11.69    12.29   1008.4    11.25    11.94     12.6    11.64     9.46    -14.3
      94        6       14      3.5     0.14     0.36     0.78     1.74     2.99     3.78    10.19    10.56    10.99    11.47    11.95     12.5   1008.3    11.23    11.92    12.58    11.66     9.48     -7.7
      94        6       14        4     0.32     1.05     1.44     2.27     3.22     3.78    11.11    11.42    11.75     12.1    12.47    12.81   1008.2    11.21    11.88    12.55    11.66     9.49     -7.8
      94        6       14      4.1     0.51     1.24     1.59     2.33      3.2      3.8    11.55    11.81    12.12    12.46    12.73       13   1008.1    11.21    11.85    12.53    11.66     9.49        4
      94        6       14      4.2     0.48     1.15     1.42     1.99     2.77      3.3    12.06    12.28    12.53    12.73     12.9    13.11   1008.1    11.22    11.82     12.5    11.67      9.5       15
      94        6       14      4.3      0.8     1.52     1.77     2.24     2.87      3.4    12.39    12.61    12.81    12.97    13.08    13.27     1008    11.25     11.8    12.46    11.66      9.5       19
      94        6       14      4.4     0.73     1.45      1.7     2.13     2.82     3.21    12.81    12.99    13.16     13.3    13.41    13.57   1007.9    11.28    11.78    12.43    11.66      9.5     27.9
      94        6       14      4.5     0.83     1.53     1.78     2.22     2.84     3.14    13.37     13.5     13.6    13.67    13.74    13.85   1007.8    11.33    11.77     12.4    11.66      9.5       45
      94        6       14        5     0.84     1.52     1.76     2.16      2.8     3.11    13.78    13.84    13.88    13.91    13.97    14.06   1007.6    11.38    11.77    12.37    11.66     9.51     60.3
      94        6       14      5.1     1.14     1.79     1.96     2.24     2.82     3.02    14.11    14.15    14.18    14.18    14.22    14.29   1007.5    11.44    11.78    12.34    11.66     9.51     68.6
      94        6       14      5.2     1.02     1.68     1.87     2.22     2.66     2.79    14.54    14.54    14.53    14.52    14.54    14.61   1007.3    11.49    11.79    12.32    11.66     9.51     88.9
      94        6       14      5.3     0.62     1.17     1.24     1.53     1.94     1.86    15.13    15.05    14.99    14.93    14.92    14.95   1007.2    11.57     11.8     12.3    11.66     9.51    106.3
      94        6       14      5.4     1.01     1.59     1.79     2.13     2.67      2.8    15.52    15.46     15.4    15.36    15.34    15.38     1007    11.63    11.81    12.28    11.65     9.51       92
      94        6       14      5.5     1.06     1.66     1.85     2.16     2.77     3.03     15.6     15.6    15.58    15.57    15.58    15.64   1006.8    11.69    11.82    12.24    11.63      9.5     89.9
      94        6       14        6     1.47     2.13     2.47      2.8     3.31      3.4    16.22    16.12    16.03    15.97    15.95    15.98   1006.6    11.77    11.86    12.23    11.64     9.51    124.3
      94        6       14      6.1     1.67     2.33     2.72     3.05     3.49     3.59    16.46    16.38    16.28    16.22    16.21    16.24   1006.4    11.84    11.88    12.21    11.63     9.51    135.3
      94        6       14      6.2     1.64     2.34     2.78     3.27     3.73     3.94    16.92    16.78    16.65    16.57    16.56    16.57   1006.3    11.91    11.92     12.2    11.63     9.51      143
      94        6       14      6.3     2.06     2.73     3.23     3.66     4.13     4.29    17.12    17.01    16.92    16.86    16.85    16.86   1006.2    11.99    11.95    12.18    11.62      9.5    139.3
      94        6       14      6.4     2.68     3.41     4.09     4.58     5.16     5.67    17.37    17.28    17.21    17.16    17.15    17.16   1006.1    12.08    11.99    12.17    11.61      9.5    155.8
      94        6       14      6.5     2.91     3.66     4.33     4.96     5.54     5.94    17.87    17.74    17.64    17.57    17.54    17.54   1005.9    12.18    12.04    12.16    11.61      9.5    181.5
      94        6       14        7     2.98     3.73     4.42     5.07     5.73     6.19    18.37    18.23    18.12    18.04    18.02    18.02   1005.7    12.29    12.09    12.16     11.6     9.51    199.7
      94        6       14      7.1     3.32     4.05     4.82     5.64      6.4     7.06    18.89    18.77    18.65    18.56    18.52    18.51   1005.5    12.41    12.14    12.15     11.6     9.51    222.7
      94        6       14      7.2     3.77     4.57     5.47     6.08     6.75     7.23    19.11    18.99    18.89    18.82    18.79    18.78   1005.3    12.54     12.2    12.15    11.59     9.51    233.6
      94        6       14      7.3      3.1     3.93     4.74     5.37     5.89     6.33    19.51    19.38    19.25    19.16    19.14    19.14   1005.2    12.68    12.27    12.15    11.59     9.51    244.5
      94        6       14      7.4     3.65     4.45     5.35     5.97     6.64      7.2    19.85     19.7    19.56    19.45    19.41    19.39   1005.1    12.83    12.34    12.16    11.59     9.52    265.5
      94        6       14      7.5        4      4.8     5.69     6.39     7.01     7.31    20.07    19.93     19.8     19.7    19.66    19.65   1004.9    12.99    12.42    12.16    11.58     9.52      286
      94        6       14        8     3.91     4.73     5.82     6.49     7.09     7.39    20.43    20.27    20.08    19.97    19.92    19.91   1004.7    13.15     12.5    12.17    11.58     9.52    304.4
      94        6       14      8.1     3.59     4.38     5.26     5.72     6.35     6.77    20.79    20.59    20.38    20.24    20.15     20.1   1004.5    13.32    12.59    12.18    11.57     9.53    333.9
      94        6       14      8.2     3.85     4.59     5.53     6.04     6.64     7.13    21.09    20.87    20.63    20.47    20.37    20.32   1004.3    13.51    12.69    12.21    11.58     9.54    371.1
      94        6       14      8.3     4.22     5.02     6.04     6.62     7.34     7.54    21.11    20.91    20.68    20.55    20.47    20.43   1004.1    13.71    12.79    12.22    11.58     9.54    373.1
      94        6       14      8.4     4.17     5.01     6.05     6.53     7.25     7.61    21.03    20.88    20.67    20.56    20.48    20.45   1004.1    13.94     12.9    12.24    11.57     9.54    350.4
      94        6       14      8.5     3.84     4.66      5.6     6.14     6.78     7.27    21.51    21.31     21.1    20.95    20.89    20.82     1004    14.18    13.01    12.26    11.57     9.54    374.6
      94        6       14        9     4.72     5.63      6.8     7.43      8.1      8.6    21.54    21.37    21.15    21.03    20.97    20.94   1003.9    14.41    13.13    12.28    11.56     9.54    398.1
      94        6       14      9.1     4.29     5.09     6.28     7.02     7.78     8.36    21.86    21.68    21.45    21.28     21.2    21.15   1003.7    14.62    13.26    12.31    11.56     9.55    401.9
      94        6       14      9.2     3.76     4.53     5.41     6.03     6.78     7.38    22.11    21.89    21.67    21.48    21.38    21.31   1003.6    14.85    13.38    12.33    11.56     9.55    422.7
      94        6       14      9.3     4.41     5.24     6.32     6.96     7.64     8.18    22.54    22.27    21.99    21.81    21.72    21.63   1003.4    15.06    13.51    12.37    11.56     9.56    457.4
      94        6       14      9.4     5.27     6.24     7.46     8.22     8.82     9.38    22.58    22.35    22.08    21.92    21.86    21.81   1003.1    15.28    13.63     12.4    11.55     9.56    476.6
      94        6       14      9.5     5.08     6.02      7.2     7.95      8.7     9.56    22.92    22.66    22.38    22.22    22.11    22.02   1002.9    15.51    13.77    12.44    11.55     9.56    506.4
      94        6       14       10     4.16     5.03      6.2     6.97     7.52      7.8    23.11    22.84    22.56    22.36    22.28    22.19   1002.8    15.74    13.91    12.48    11.55     9.56    448.6
      94        6       14     10.1     4.69     5.54     6.77     7.66      8.6     9.45    22.75     22.6     22.4    22.25    22.15    22.11   1002.6    15.98    14.03    12.51    11.54     9.56    411.2
      94        6       14     10.2     5.12     6.09     7.38     8.08     8.86     9.43    23.25    23.01    22.71    22.53    22.43    22.37   1002.5     16.2    14.18    12.56    11.54     9.57    490.8
      94        6       14     10.3     4.96      5.9     7.22     7.98     8.66     9.18     23.5    23.23    22.94    22.76    22.67     22.6   1002.3    16.39    14.31     12.6    11.54     9.57    492.7
      94        6       14     10.4     4.92      5.8     6.92     7.68     8.48     9.21    23.67     23.4    23.13    22.94    22.84    22.76   1002.1    16.59    14.45    12.65    11.54     9.58    500.5
      94        6       14     10.5     5.34      6.3     7.58     8.35     9.18     9.75    23.79    23.53    23.22    23.01     22.9    22.83   1001.8     16.8    14.59     12.7    11.54     9.58    505.8
      94        6       14       11     5.06     6.05     7.36     7.98     8.65     9.28    23.94    23.67    23.38    23.22    23.13    23.09   1001.6    17.02    14.72    12.75    11.54     9.59    505.4
      94        6       14     11.1     5.51      6.5     7.67     8.32     8.86     9.54    24.26    23.98    23.72    23.57     23.5    23.44   1001.4    17.23    14.87    12.81    11.54     9.59    512.4
      94        6       14     11.2     5.07     6.03     7.31     8.06     8.69     9.42    24.44    24.15    23.83    23.64    23.57     23.5   1001.2    17.43       15    12.86    11.53     9.59    515.2
      94        6       14     11.3     5.14     6.06     7.38     8.15     8.86     9.53    24.68    24.39    24.07    23.85    23.77    23.69     1001    17.63    15.14    12.91    11.53     9.59    517.5
      94        6       14     11.4     5.64     6.64     7.97     8.75     9.35     9.95    24.67    24.42    24.12    23.93    23.85    23.78   1000.8    17.83    15.28    12.97    11.53     9.59    518.3
      94        6       14     11.5     5.87     6.92      8.3     9.36    10.14     10.9    24.71    24.47    24.16    23.96    23.85    23.77   1000.6       18    15.41    13.02    11.52     9.59    517.8
      94        6       14       12     5.37     6.33     7.65     8.51     9.18     9.58    24.75    24.49    24.18    23.97    23.89    23.84   1000.4    18.16    15.54    13.08    11.52      9.6    509.1
      94        6       14     12.1     5.43     6.34     7.56     8.31     9.08     9.63    25.06    24.82    24.54    24.34    24.22    24.15   1000.2    18.31    15.67    13.14    11.52      9.6    513.6
      94        6       14     12.2     5.34      6.4     7.82     8.84     9.62    10.34    25.14     24.9    24.61    24.41    24.31    24.24     1000    18.46    15.79    13.21    11.52      9.6    507.7
      94        6       14     12.3     5.22     6.17     7.47     8.24     8.91     9.26     25.4    25.15    24.89    24.71    24.64    24.58   999.77    18.59    15.91    13.27    11.53     9.61    503.2
      94        6       14     12.4     6.32     7.41     8.94     9.85    10.59    11.27    25.25    25.04    24.75     24.6    24.52    24.45   999.57    18.72    16.02    13.33    11.52      9.6    504.2
      94        6       14     12.5     5.25     6.19     7.54     8.35     8.97      9.5    25.47    25.23    24.92    24.75    24.69    24.63   999.45    18.83    16.13    13.39    11.52     9.61    496.5
      94        6       14       13     5.73     6.71     8.08     8.96      9.9    10.69    25.41     25.2    24.93    24.78    24.69    24.62   999.24    18.93    16.23    13.45    11.52      9.6    492.7
      94        6       14     13.1     5.71     6.84     8.29     9.05     9.76    10.51    25.48    25.27    25.01    24.85    24.77    24.72   998.99    19.04    16.32    13.51    11.52      9.6    482.3
      94        6       14     13.2     6.74     7.95     9.62    10.43     11.3    12.07     25.5    25.33    25.07    24.94    24.86    24.82   998.78    19.15    16.42    13.57    11.51      9.6    474.8
      94        6       14     13.3     6.89     8.07     9.81    11.05     12.1    12.91    25.53    25.39    25.18    25.08       25    24.96   998.64    19.25    16.52    13.63    11.52      9.6    467.8
      94        6       14     13.4     6.47     7.68     9.36    10.48    11.24    11.88    25.54    25.42    25.24    25.16    25.11     25.1   998.58     19.3     16.6     13.7    11.52      9.6    458.5
      94        6       14     13.5     7.17     8.45    10.31    11.65    12.53    13.35    25.56    25.46    25.29    25.22    25.15     25.1   998.66    19.34    16.68    13.76    11.53     9.61      452
      94        6       14       14     6.97     8.17    10.02    11.29    12.25    13.19    25.36    25.26    25.09       25    24.93    24.89   998.72    19.36    16.75    13.82    11.53      9.6    444.8
      94        6       14     14.1      6.3     7.34     8.88     9.83    10.73    11.45     25.4    25.28    25.08    24.97     24.9    24.85   998.74    19.37     16.8    13.88    11.53     9.61      434
      94        6       14     14.2     6.43      7.6     9.07       10    10.92    11.94    25.24    25.12    24.92    24.82    24.75     24.7   998.64     19.4    16.85    13.94    11.54     9.61    425.8
      94        6       14     14.3      6.5     7.67     9.45     10.6    11.52     12.4    25.16    25.05    24.84    24.74    24.66    24.61    998.5    19.42    16.89    13.99    11.54     9.61    418.2
      94        6       14     14.4     6.26     7.29      8.8     9.67    10.42    11.31    25.02    24.92    24.74    24.64    24.58    24.54   998.36    19.45    16.92    14.05    11.54     9.62    407.5
      94        6       14     14.5     6.89     8.04     9.68    10.77     11.6    12.45    24.86    24.78    24.62    24.54    24.48    24.46   998.19    19.45    16.95     14.1    11.55     9.62    396.8
      94        6       14       15     6.87     7.97     9.76    11.03    11.86    12.99    24.87    24.83    24.71    24.65     24.6    24.58   998.03    19.45    16.98    14.15    11.55     9.62    387.6
      94        6       14     15.1     7.69     8.92    11.08    12.44    13.58    14.56    24.51     24.5    24.43    24.42    24.39     24.4   997.89    19.41    16.99    14.19    11.56     9.61    374.9
      94        6       14     15.2     7.24     8.25    10.04    11.29     12.3    13.28    24.47    24.46    24.39    24.38    24.34    24.36   997.71    19.34       17    14.23    11.56     9.62    359.6
      94        6       14     15.3     7.76     8.91    11.02    12.41     13.4    14.19    24.28    24.28    24.23    24.23    24.21    24.23   997.53    19.25       17    14.28    11.56     9.62    346.7
      94        6       14     15.4     7.09     8.09       10    11.12    12.09    12.85    24.18    24.19    24.13    24.13    24.11    24.11   997.45    19.16    16.98    14.32    11.57     9.62    330.8
      94        6       14     15.5     7.71      8.8    10.98    12.42    13.37    14.32    24.16    24.17    24.11    24.09    24.06    24.06   997.26    19.06    16.97    14.35    11.58     9.62    314.6
      94        6       14       16     7.81     8.86    11.05    12.46    13.67    14.64    23.99    24.03    24.01    24.02    24.01    24.02   997.16    18.96    16.94    14.38    11.59     9.61    299.2
      94        6       14     16.1     7.36     8.34    10.26    11.31    12.29    13.13    23.77    23.83    23.83    23.87    23.88    23.93   997.06    18.85    16.91    14.41    11.59     9.61    280.4
      94        6       14     16.2     6.86     7.87     9.78    11.15    12.17    13.13    23.52    23.59    23.61    23.65    23.67    23.71   996.85    18.73    16.88    14.44     11.6     9.61    260.9
      94        6       14     16.3     6.73     7.67     9.52    10.83     11.9    12.92    23.47    23.54    23.56     23.6    23.62    23.65   996.65    18.59    16.83    14.47    11.61     9.62    245.1
      94        6       14     16.4     6.62     7.57     9.41    10.73    11.65    12.43    23.17    23.28    23.34    23.41    23.44     23.5   996.57    18.49    16.79    14.49    11.62     9.61      223
      94        6       14     16.5     6.89     7.87     9.92    11.28    12.32    13.29    23.05    23.17    23.24    23.32    23.36    23.41   996.37    18.37    16.75     14.5    11.63     9.61      214
      94        6       14       17      6.5     7.44     9.34    10.85       12    12.89    22.86    22.98    23.05    23.13    23.18    23.24    996.3    18.24     16.7    14.52    11.63     9.61      190
      94        6       14     17.1     5.66     6.53     8.22     9.42    10.47    11.24    22.65    22.76    22.84    22.93    22.98    23.07   996.32    18.12    16.65    14.54    11.64     9.61    193.5
      94        6       14     17.2     5.47     6.37     7.79     8.95    10.08       11    22.41    22.56    22.65    22.74    22.81     22.9   996.35       18     16.6    14.54    11.65     9.61    169.3
      94        6       14     17.3     5.75     6.64     8.36     9.63    10.63    11.36    22.17    22.35    22.48    22.58    22.68    22.78   996.38    17.89    16.54    14.55    11.65     9.61    155.3
      94        6       14     17.4     4.58     5.39     6.71     7.61     8.59     9.37    21.88    22.06    22.21     22.3    22.42    22.54   996.33    17.77    16.49    14.56    11.66     9.61    141.1
      94        6       14     17.5     4.39     5.23     6.53     7.53      8.5     9.14    21.73    21.96    22.14    22.28    22.38    22.49   996.27    17.65    16.43    14.56    11.67     9.61    121.5
      94        6       14       18     5.07     5.78     6.97     7.78     8.53     9.12    20.38    20.55    20.59    20.66    20.69    20.69   996.46    17.53    16.37    14.56    11.67      9.6    103.5
      94        6       14     18.1     5.33     6.08     7.38      8.5     9.42    10.05    16.35    16.45    16.51    16.55    16.49    16.44   996.77     17.4    16.29    14.53    11.65     9.57     12.9
      94        6       14     18.2     3.62     4.34     5.54     6.51     7.25     7.73    15.18    15.38    15.54    15.64    15.66    15.69   997.02    17.23    16.22    14.53    11.66     9.58      -26
      94        6       14     18.3     4.79     5.53     6.75     7.69      8.5     9.29    14.87    15.09    15.25    15.35    15.38    15.39   997.11    17.01    16.14    14.52    11.67     9.57      -46
      94        6       14     18.4     4.59     5.35     6.71     7.73     8.52     9.32    14.43    14.62    14.77    14.88    14.91    14.94    997.2    16.77    16.05    14.51    11.67     9.56    -47.4
      94        6       14     18.5     3.86     4.54     5.73      6.8     7.69     8.13    13.97    14.18    14.32    14.45    14.49    14.52   997.37    16.53    15.93     14.5    11.68     9.56    -49.8
      94        6       14       19     3.16     3.82     4.64     5.38     5.92     6.48    13.62    13.86    14.02    14.15    14.19    14.22   997.69    16.29    15.81    14.48    11.68     9.55      -39
      94        6       14     19.1     3.27     3.91     4.69     5.59     6.19     6.81    13.66    13.82    13.93    14.01    14.03    14.05   997.88    16.08    15.69    14.47    11.69     9.55      6.1
      94        6       14     19.2     3.45     4.12     5.08     5.93     6.78     7.48    13.55    13.66    13.72    13.77    13.76    13.77   998.06    15.88    15.57    14.46     11.7     9.55     23.4
      94        6       14     19.3     4.34     5.05      6.2     7.08     7.97     8.87    12.95    13.11    13.22    13.27    13.28    13.28    998.2    15.71    15.45    14.43     11.7     9.55    -15.9
      94        6       14     19.4     4.46     5.13     6.18     7.16     7.82     8.56    12.55     12.7     12.8    12.86    12.87    12.88   998.41    15.57    15.35    14.41    11.71     9.55    -16.1
      94        6       14     19.5     3.07     3.71     4.62     5.55     6.32     6.75    12.42    12.54    12.63    12.68     12.7    12.71   998.59    15.42    15.24    14.38    11.72     9.55     -7.7
      94        6       14       20     2.95     3.59     4.24     4.96     5.73     6.27    12.16    12.33    12.45    12.51    12.54    12.55   998.67    15.27    15.14    14.35    11.73     9.55    -29.2
      94        6       14     20.1      3.2      3.8     4.57     5.31      6.1     6.84    11.86    12.07    12.23    12.31    12.34    12.37   998.73    15.13    15.04    14.33    11.74     9.55    -49.7
      94        6       14     20.2     3.43      4.1     4.86      5.7     6.48      7.1    11.74    11.95    12.09    12.17    12.21    12.24   998.97       15    14.95    14.29    11.74     9.55    -31.8
      94        6       14     20.3     4.11     4.88     5.72     6.47     7.21     7.93    11.76    11.93    12.03    12.08    12.11    12.13   999.31    14.86    14.85    14.27    11.76     9.55    -19.3
      94        6       14     20.4     4.59     5.32     6.46     7.36     8.16     8.73    11.59    11.73    11.82    11.87    11.88    11.89   999.49    14.72    14.76    14.23    11.76     9.55    -21.1
      94        6       14     20.5     5.37     6.14     7.33     8.31     9.27    10.09    11.16    11.28    11.35    11.39    11.39    11.39   999.64    14.59    14.66     14.2    11.77     9.55    -22.6
      94        6       14       21     5.37     6.21     7.34     8.17     9.09     9.74    10.36    10.55    10.68    10.74    10.76    10.77   1000.1    14.45    14.57    14.17    11.78     9.55    -19.2
      94        6       14     21.1     5.77     6.68     7.92     8.72     9.66    10.48      9.6     9.78     9.91     9.97     9.99     9.99   1000.4    14.31    14.49    14.14     11.8     9.56    -15.6
      94        6       14     21.2     5.37     6.12     7.34     8.07     8.87      9.6      8.5     8.65     8.72     8.77     8.79     8.78   1000.7    14.16    14.41    14.11    11.81     9.57    -14.5
      94        6       14     21.3     3.97     4.64     5.45     6.14        7     7.35     7.67     7.81     7.88      7.9     7.92     7.88   1001.1    14.01    14.31    14.09    11.83     9.58    -13.5
      94        6       14     21.4     2.21     2.75     3.14     3.71     4.29     4.73      7.3     7.42     7.47     7.49     7.52     7.52   1001.3    13.87    14.22    14.06    11.84     9.58    -12.7
      94        6       14     21.5     2.03     2.57     2.88     3.34     3.96     4.34     7.23     7.34     7.39     7.41     7.44     7.46   1001.4    13.75    14.13    14.02    11.85     9.58    -11.4
      94        6       14       22     0.72     1.26      1.4      2.1     2.67      2.8     7.04     7.16      7.2     7.22     7.27     7.29   1001.1    13.63    14.04    13.98    11.86     9.59    -11.2
      94        6       14     22.1     1.72     2.27     2.82     3.52     4.14     4.31        7     7.13     7.19     7.23     7.28     7.33   1000.2    13.54    13.96    13.94    11.87     9.59    -12.8
      94        6       14     22.2     2.17     2.86     3.55     4.27        5     5.24        7     7.12     7.17     7.23     7.26     7.31   999.44    13.45    13.88     13.9    11.87     9.58    -19.2
      94        6       14     22.3     0.94      1.5     1.84     2.42     2.91     3.05     6.93     7.09     7.19     7.26      7.3     7.37   999.38    13.37     13.8    13.86    11.88     9.59    -24.6
      94        6       14     22.4     0.27     0.52     0.66     0.81     0.98     0.71     6.91     7.15     7.23     7.28      7.3     7.34   999.61    13.29    13.73    13.83    11.89     9.59    -30.7
      94        6       14     22.5     0.93      1.7     2.08     2.63      3.2     3.14     6.43     6.74     6.98      7.1     7.15     7.19   999.98    13.21    13.66    13.78    11.89     9.59    -63.9
      94        6       14       23     0.23     0.71        1     1.64     2.24     2.38     5.96      6.4     6.75     6.93     7.02     7.15     1000    13.12    13.59    13.75     11.9     9.59    -66.7
      94        6       14     23.1      0.1     0.48     0.58     1.18      1.8     1.85     5.41     6.13      6.5     6.67     6.85     7.07   999.99       13    13.52    13.71     11.9     9.59    -54.4
      94        6       14     23.2     0.15     0.91     1.15     1.79      2.5     2.76     4.94     5.66     6.23     6.52     6.73     6.99   999.99    12.89    13.45    13.67    11.91     9.59    -49.2
      94        6       14     23.3     0.17     0.92     1.33     2.11     2.83     3.21     4.81     5.39     5.94     6.37     6.59     6.87   999.95    12.76    13.37    13.63    11.91     9.59    -44.2
      94        6       14     23.4     0.35     1.07     1.46     2.32     3.11     3.55     4.94     5.46     5.89     6.16     6.32      6.5   1000.1    12.62    13.29    13.59    11.91     9.59      -39
      94        6       14     23.5     0.56     1.35     1.81     2.73     3.56     3.86     4.78     5.14      5.4     5.63     5.92     6.16   1000.2     12.5    13.21    13.55    11.92      9.6      -37
      94        6       14       24     0.19     0.81     1.08     1.81     2.51     2.78     4.33     4.83     5.21     5.53     5.78     5.96   1000.3    12.36    13.12    13.51    11.92      9.6      -32
