      94        6       14      0.1     1.06     9.94    89.26   1011.5    -34.6    -29.3
      94        6       14      0.2     0.89     9.77     89.8   1011.4    -31.6    -28.8
      94        6       14      0.3     1.46     9.93    88.91   1011.2    -33.7    -28.5
      94        6       14      0.4     1.52     9.21    91.37     1011    -40.2    -26.4
      94        6       14      0.5     0.44     9.44     91.2   1010.9    -33.9    -25.9
      94        6       14        1     0.28     9.42    91.88   1010.8    -30.6    -27.1
      94        6       14      1.1     0.27     9.47    91.88   1010.7      -29    -27.6
      94        6       14      1.2     0.33     9.61    91.31   1010.5      -30      -28
      94        6       14      1.3     0.32      9.4    92.22   1010.3      -29    -28.5
      94        6       14      1.4     0.47     9.13    92.42   1010.2    -25.5    -28.5
      94        6       14      1.5     0.57      9.2     91.9     1010    -24.5    -27.5
      94        6       14        2     1.18     9.31    91.41   1009.9      -29    -26.9
      94        6       14      2.1     1.25     9.56    90.17   1009.7    -31.4    -26.6
      94        6       14      2.2     0.84     9.22    91.54   1009.6    -31.6    -26.2
      94        6       14      2.3     0.64     9.19    91.56   1009.5    -30.4    -26.6
      94        6       14      2.4     0.42     9.38    91.28   1009.3      -28      -27
      94        6       14      2.5     0.84     9.55    90.58   1009.2    -25.3    -27.3
      94        6       14        3     1.08     9.27    91.11   1009.1    -24.3    -27.2
      94        6       14      3.1     1.71     9.05    91.96   1008.9    -22.4    -26.1
      94        6       14      3.2     1.48     9.39    90.73   1008.8    -26.4    -24.5
      94        6       14      3.3     1.29      9.3    90.94   1008.6    -24.6    -23.4
      94        6       14      3.4     1.27     9.93     89.6   1008.4    -14.3    -22.3
      94        6       14      3.5     1.74    10.56    90.02   1008.3     -7.7    -19.9
      94        6       14        4     2.27    11.42    89.41   1008.2     -7.8    -16.6
      94        6       14      4.1     2.33    11.81     88.2   1008.1        4    -13.3
      94        6       14      4.2     1.99    12.28    86.05   1008.1       15    -10.5
      94        6       14      4.3     2.24    12.61    84.34     1008       19     -8.2
      94        6       14      4.4     2.13    12.99    83.08   1007.9     27.9     -6.6
      94        6       14      4.5     2.22     13.5    80.72   1007.8       45       -5
      94        6       14        5     2.16    13.84    79.85   1007.6     60.3     -3.3
      94        6       14      5.1     2.24    14.15    78.11   1007.5     68.6     -1.8
      94        6       14      5.2     2.22    14.54    76.97   1007.3     88.9        0
      94        6       14      5.3     1.53    15.05    76.85   1007.2    106.3      2.4
      94        6       14      5.4     2.13    15.46    75.55     1007       92      4.5
      94        6       14      5.5     2.16     15.6     74.9   1006.8     89.9      4.7
      94        6       14        6      2.8    16.12    72.58   1006.6    124.3      6.1
      94        6       14      6.1     3.05    16.38    71.86   1006.4    135.3        8
      94        6       14      6.2     3.27    16.78    70.85   1006.3      143       10
      94        6       14      6.3     3.66    17.01    69.46   1006.2    139.3     12.1
      94        6       14      6.4     4.58    17.28    68.26   1006.1    155.8     13.4
      94        6       14      6.5     4.96    17.74    66.47   1005.9    181.5     15.5
      94        6       14        7     5.07    18.23     64.6   1005.7    199.7     18.2
      94        6       14      7.1     5.64    18.77    62.27   1005.5    222.7     20.9
      94        6       14      7.2     6.08    18.99    60.41   1005.3    233.6     22.7
      94        6       14      7.3     5.37    19.38    58.53   1005.2    244.5     24.4
      94        6       14      7.4     5.97     19.7    57.23   1005.1    265.5     26.8
      94        6       14      7.5     6.39    19.93    55.88   1004.9      286     28.3
      94        6       14        8     6.49    20.27    55.11   1004.7    304.4     29.9
      94        6       14      8.1     5.72    20.59    55.21   1004.5    333.9     31.9
      94        6       14      8.2     6.04    20.87     54.2   1004.3    371.1     34.8
      94        6       14      8.3     6.62    20.91    53.86   1004.1    373.1       37
      94        6       14      8.4     6.53    20.88    53.98   1004.1    350.4     37.2
      94        6       14      8.5     6.14    21.31    53.12     1004    374.6     37.6
      94        6       14        9     7.43    21.37    50.54   1003.9    398.1     38.3
      94        6       14      9.1     7.02    21.68     49.3   1003.7    401.9     39.6
      94        6       14      9.2     6.03    21.89    50.75   1003.6    422.7     40.8
      94        6       14      9.3     6.96    22.27    47.93   1003.4    457.4     44.2
      94        6       14      9.4     8.22    22.35    45.76   1003.1    476.6     45.5
      94        6       14      9.5     7.95    22.66    44.62   1002.9    506.4     47.1
      94        6       14       10     6.97    22.84     46.2   1002.8    448.6     51.2
      94        6       14     10.1     7.66     22.6    46.26   1002.6    411.2     47.6
      94        6       14     10.2     8.08    23.01    44.68   1002.5    490.8     47.2
      94        6       14     10.3     7.98    23.23    44.13   1002.3    492.7     49.9
      94        6       14     10.4     7.68     23.4    44.42   1002.1    500.5     53.3
      94        6       14     10.5     8.35    23.53    43.23   1001.8    505.8       54
      94        6       14       11     7.98    23.67    42.68   1001.6    505.4     54.6
      94        6       14     11.1     8.32    23.98    40.28   1001.4    512.4     56.1
      94        6       14     11.2     8.06    24.15    40.42   1001.2    515.2     58.5
      94        6       14     11.3     8.15    24.39     40.1     1001    517.5     59.6
      94        6       14     11.4     8.75    24.42    39.17   1000.8    518.3     59.8
      94        6       14     11.5     9.36    24.47    38.97   1000.6    517.8     59.5
      94        6       14       12     8.51    24.49    38.68   1000.4    509.1     60.6
      94        6       14     12.1     8.31    24.82    37.56   1000.2    513.6     62.8
      94        6       14     12.2     8.84     24.9    36.27     1000    507.7       62
      94        6       14     12.3     8.24    25.15    36.27   999.77    503.2     65.7
      94        6       14     12.4     9.85    25.04    35.11   999.57    504.2     61.9
      94        6       14     12.5     8.35    25.23    36.25   999.45    496.5     61.8
      94        6       14       13     8.96     25.2    35.34   999.24    492.7     60.1
      94        6       14     13.1     9.05    25.27     34.9   998.99    482.3     57.5
      94        6       14     13.2    10.43    25.33    32.66   998.78    474.8     51.9
      94        6       14     13.3    11.05    25.39    29.91   998.64    467.8     50.4
      94        6       14     13.4    10.48    25.42    28.68   998.58    458.5     46.7
      94        6       14     13.5    11.65    25.46    25.86   998.66      452     44.2
      94        6       14       14    11.29    25.26    26.77   998.72    444.8     40.3
      94        6       14     14.1     9.83    25.28    26.09   998.74      434       39
      94        6       14     14.2       10    25.12    27.59   998.64    425.8     38.6
      94        6       14     14.3     10.6    25.05    29.09    998.5    418.2     36.3
      94        6       14     14.4     9.67    24.92    29.99   998.36    407.5     33.2
      94        6       14     14.5    10.77    24.78    31.53   998.19    396.8     33.5
      94        6       14       15    11.03    24.83    27.77   998.03    387.6       31
      94        6       14     15.1    12.44     24.5    24.97   997.89    374.9     26.7
      94        6       14     15.2    11.29    24.46    26.89   997.71    359.6     25.1
      94        6       14     15.3    12.41    24.28    26.85   997.53    346.7     24.6
      94        6       14     15.4    11.12    24.19    28.09   997.45    330.8     23.5
      94        6       14     15.5    12.42    24.17    27.74   997.26    314.6     23.1
      94        6       14       16    12.46    24.03    26.11   997.16    299.2     19.6
      94        6       14     16.1    11.31    23.83    27.71   997.06    280.4     20.2
      94        6       14     16.2    11.15    23.59     29.3   996.85    260.9     18.4
      94        6       14     16.3    10.83    23.54    29.89   996.65    245.1     18.9
      94        6       14     16.4    10.73    23.28     28.8   996.57      223     17.3
      94        6       14     16.5    11.28    23.17     29.4   996.37      214     16.4
      94        6       14       17    10.85    22.98    31.35    996.3      190     14.3
      94        6       14     17.1     9.42    22.76    32.47   996.32    193.5     14.6
      94        6       14     17.2     8.95    22.56    32.21   996.35    169.3     13.2
      94        6       14     17.3     9.63    22.35    29.55   996.38    155.3     10.1
      94        6       14     17.4     7.61    22.06    31.48   996.33    141.1      9.5
      94        6       14     17.5     7.53    21.96    30.19   996.27    121.5      7.9
      94        6       14       18     7.78    20.55    33.56   996.46    103.5      6.2
      94        6       14     18.1      8.5    16.45    43.21   996.77     12.9      3.5
      94        6       14     18.2     6.51    15.38    45.46   997.02      -26       -3
      94        6       14     18.3     7.69    15.09    44.49   997.11      -46       -7
      94        6       14     18.4     7.73    14.62    44.73    997.2    -47.4     -9.9
      94        6       14     18.5      6.8    14.18     45.7   997.37    -49.8    -12.2
      94        6       14       19     5.38    13.86    47.14   997.69      -39    -13.2
      94        6       14     19.1     5.59    13.82    47.64   997.88      6.1    -12.1
      94        6       14     19.2     5.93    13.66    49.37   998.06     23.4     -9.1
      94        6       14     19.3     7.08    13.11    50.29    998.2    -15.9    -10.1
      94        6       14     19.4     7.16     12.7    50.77   998.41    -16.1    -12.1
      94        6       14     19.5     5.55    12.54    51.07   998.59     -7.7    -12.6
      94        6       14       20     4.96    12.33    51.81   998.67    -29.2    -12.8
      94        6       14     20.1     5.31    12.07    52.84   998.73    -49.7    -14.4
      94        6       14     20.2      5.7    11.95    53.48   998.97    -31.8    -15.6
      94        6       14     20.3     6.47    11.93    53.28   999.31    -19.3    -15.3
      94        6       14     20.4     7.36    11.73    54.23   999.49    -21.1    -15.2
      94        6       14     20.5     8.31    11.28    54.05   999.64    -22.6    -15.8
      94        6       14       21     8.17    10.55    60.65   1000.1    -19.2    -16.5
      94        6       14     21.1     8.72     9.78    70.74   1000.4    -15.6    -17.5
      94        6       14     21.2     8.07     8.65    81.28   1000.7    -14.5    -18.3
      94        6       14     21.3     6.14     7.81    86.52   1001.1    -13.5    -18.7
      94        6       14     21.4     3.71     7.42    89.48   1001.3    -12.7    -18.8
      94        6       14     21.5     3.34     7.34    89.75   1001.4    -11.4    -18.4
      94        6       14       22      2.1     7.16    90.81   1001.1    -11.2    -19.4
      94        6       14     22.1     3.52     7.13    91.48   1000.2    -12.8    -20.2
      94        6       14     22.2     4.27     7.12    91.25   999.44    -19.2    -20.4
      94        6       14     22.3     2.42     7.09     89.7   999.38    -24.6    -20.6
      94        6       14     22.4     0.81     7.15    89.81   999.61    -30.7    -21.3
      94        6       14     22.5     2.63     6.74    93.17   999.98    -63.9    -23.4
      94        6       14       23     1.64      6.4    93.95     1000    -66.7    -25.4
      94        6       14     23.1     1.18     6.13    95.59   999.99    -54.4    -30.3
      94        6       14     23.2     1.79     5.66    97.04   999.99    -49.2    -34.8
      94        6       14     23.3     2.11     5.39       97   999.95    -44.2      -37
      94        6       14     23.4     2.32     5.46    97.01   1000.1      -39    -37.5
      94        6       14     23.5     2.73     5.14     97.7   1000.2      -37    -36.3
      94        6       14       24     1.81     4.83    97.82   1000.3      -32    -34.8
