-2.575198365056279570e+01
-2.677193978360071469e+01
-2.755714897839390431e+01
-2.829429981321735355e+01
-2.898773241089085673e+01
-2.925549411594375826e+01
-3.023173459960292675e+01
-3.062010076062729169e+01
-3.112472843800241051e+01
-3.179367718368956375e+01
-3.229830575182057117e+01
-3.264073046357354713e+01
-3.302697795446581353e+01
-3.325102447268896810e+01
-3.354761483629489760e+01
-3.386555669732623386e+01
-3.408960036718377751e+01
-3.419738659251802204e+01
-3.465829758317529041e+01
-3.502429853569137208e+01
-3.496776278619929457e+01
-3.502960622721024464e+01
-3.502112937704612250e+01
-3.472984669793055446e+01
-3.434890476502999945e+01
-3.368314435229957127e+01
-3.255011773084717674e+01
-3.160589289820329029e+01
-3.038108579267833420e+01
-2.913179854544064895e+01
-2.783879037580393501e+01
-2.682848406447196510e+01
-2.532521735253682849e+01
-2.408016520077633515e+01
-2.260047228687115251e+01
-2.135764700297772833e+01
-1.999633345610000035e+01
-1.891994662944960126e+01
-1.751491888397736574e+01
-1.603946263964477836e+01
-1.451817355337221471e+01
-1.280796970402761481e+01
-1.095803766776758614e+01
-9.039800672551448812e+00
-7.075725873422802792e+00
-4.993168948116104566e+00
-2.678084429216061046e+00
-5.518076298370200305e-01
1.833702462324564353e+00
4.122176509236425090e+00
6.809617595530152556e+00
9.894005441180256710e+00
1.307229156654124935e+01
1.610861884638966401e+01
1.865198407976192740e+01
2.161788675499146350e+01
2.404287041437030936e+01
2.679649820991735254e+01
2.942952064422810565e+01
3.206254135694366170e+01
3.514481745384497202e+01
3.751961916513071316e+01
3.954342063372943272e+01
4.163764159934381581e+01
4.382364524873790401e+01
4.629456932375266121e+01
4.831413398455663355e+01
5.045429682521991310e+01
5.247597563170875645e+01
5.437927484546762003e+01
5.602647635334383835e+01
5.739309803814603583e+01
5.852284960671640590e+01
5.958228436798697203e+01
6.043357473170772209e+01
6.132868851277973476e+01
6.196982498740326406e+01
6.234961154680328121e+01
6.301431874380661924e+01
6.370139881929640069e+01
6.408330390521439313e+01
6.369176505399254040e+01
6.325640624819339308e+01
6.246580370706578123e+01
6.175208893045743963e+01
6.122404553135248761e+01
6.076854883975383359e+01
6.047959318090074987e+01
5.967308970178773819e+01
5.893700918709529901e+01
5.761517204415394389e+01
5.601589143616854471e+01
5.394510342432596417e+01
5.201838969887835873e+01
4.999766678506287576e+01
4.800053024004815683e+01
4.598204573021896380e+01
4.372879647427426164e+01
4.131558740774733707e+01
3.948488607976811693e+01
3.751646591601226532e+01
3.538383375746568049e+01
3.334509829612544962e+01
3.154311978725677434e+01
2.990556955223684810e+01
2.798521055268034630e+01
2.623129260844312682e+01
2.447525437038909146e+01
2.300191994099958137e+01
2.054700196950762958e+01
1.729182714595613746e+01
1.382649827352256189e+01
1.050746820353295341e+01
7.304698984456799771e+00
4.478632962218586755e+00
1.816887936007884674e+00
-4.470778516056927998e-02
-1.698267121500338650e+00
-3.349707403510371329e+00
-5.049208083998506069e+00
-6.702766825906514292e+00
-7.932879314125936610e+00
-9.656864589772006013e+00
-1.105129856637165808e+01
-1.242215650217248424e+01
-1.400539634326178984e+01
-1.563457699735862505e+01
-1.735765304404648646e+01
-1.917341464988105670e+01
-2.075665418136709661e+01
-2.189287177472501966e+01
-2.295654378202704748e+01
-2.364785888183443419e+01
-2.434129257562366533e+01
-2.479574015534628373e+01
-2.548917367210464491e+01
-2.587542159137328213e+01
-2.673317546828743474e+01
-2.789508736862412164e+01
-2.896310531586305714e+01
-3.024127838947757496e+01
-3.168377281772102805e+01
-3.279550483120463866e+01
-3.418993895677500205e+01
