4.864837310681703286e+01
6.921937993438592684e+01
6.042587859314411247e+01
6.282253730297718874e+01
3.791131404677201289e+01
3.494277714717652827e+01
2.711312630472422569e+01
2.064577078769069729e+01
2.437039821622379421e+01
3.154871037311346527e+01
1.535495884951470025e+01
8.474929847111136283e+00
2.861846484544641633e+00
5.377411827409457779e+00
2.094577674690187408e+00
6.043376057855391004e+00
1.144319590520562535e+00
5.716674916684896246e-01
4.857237497778952862e-01
5.270063119325243406e-01
7.019325994830327708e-01
3.859936207020914223e-01
2.631161287821543460e-01
4.080398143158299185e-01
3.544808928157552885e-01
2.943535356008195047e-01
3.373622949094209900e-01
3.362086329133917584e-01
1.716131626088296391e-01
9.504289194064281798e-02
9.490862717546109939e-02
7.138648348142309641e-02
-9.584329503749314250e-02
-2.604347183229969304e-02
2.355430033880710761e-02
-5.033912448795389849e-02
-5.144869151057498285e-02
-4.935936684887945458e-02
-3.964844504209449200e-02
-1.526880925018565816e-02
-2.728130374729136401e-02
-2.292997453512006165e-02
-2.008103099790732940e-02
-2.272868695163559466e-02
-3.060443103395256437e-02
-3.177740693339920625e-02
-3.532865068362134320e-02
-4.215781248744197157e-02
-7.274197461067344328e-02
-7.272733867564920573e-02
-6.280124958632850307e-02
-5.358873529627480176e-02
-5.937091075152705483e-02
-4.024096802966130315e-02
-4.134914213857427551e-02
-5.704492034770163034e-02
-6.141192594856405285e-02
-4.545978526211606058e-02
-4.133811458356418528e-02
-7.722811472870357019e-02
-2.574171818454453614e-02
-4.815453033994339382e-02
-5.069033401414330120e-02
-4.367619507532733564e-02
-4.886697636215508317e-02
-4.729230902254861341e-02
-4.924731625115091188e-02
-4.612021932446606909e-02
-4.837529719196406036e-02
-5.099176747653195313e-02
-3.630486880295954316e-02
-5.249666496132559396e-02
-5.277128662181545388e-02
-3.550643190828386975e-02
-5.221304420537570962e-02
-3.343531250189513832e-02
-4.539281005431562016e-02
-2.856638869711596376e-02
-3.527560614122045995e-02
-2.542583423311668700e-02
-1.466621581185036972e-02
-1.470222198870746282e-02
-1.285242862249074726e-02
-1.242950392824689228e-02
-2.115012377611088026e-02
-1.771455967615909177e-02
-1.661059552549480969e-02
-1.996195495840123388e-02
-1.374106785107740390e-02
-8.400714724244194229e-03
-2.365165673202551666e-03
-2.978362307633636904e-03
-1.118922182900371340e-03
-2.607900613700329939e-03
-3.202762973533399352e-03
-1.477550269880830032e-04
4.941856188382885359e-03
4.311614778289125059e-03
3.845848522105756433e-03
9.050447519600284332e-03
7.871864761059638171e-03
8.188343537694093080e-03
1.364518511738518382e-02
1.439271819073749056e-02
1.934470825988448064e-02
3.016881356455567223e-02
3.363883108492304180e-02
1.136227447769422132e-02
-4.286035498629845418e-03
2.180374719788466184e-02
1.601456763318076862e-02
1.701439150363317013e-02
2.270339050938862194e-02
4.773196562533810194e-02
2.068900932488317024e-02
5.812354739622548581e-03
7.028210016012329496e-03
1.065787986119925285e-02
1.315068555749026279e-02
2.060822102021178312e-02
2.270271512507230152e-02
2.393304659578102470e-02
1.571031832607929293e-02
9.618335898994778352e-03
4.051143744175068895e-03
1.203148491130851677e-02
9.827490986808179799e-03
8.003189998277754694e-03
3.414941535487076886e-03
1.702171595645543545e-02
2.740464971059677554e-02
4.187364933878710838e-02
4.717168132986202661e-02
3.201174393763792092e-02
1.389419656472914988e-01
4.363867476450233340e+01
4.046207201827092259e-01
7.030954845243637674e-01
9.912553209721840730e+00
6.953962482065150219e+00
2.345269729791249258e+00
2.326797419007986256e-01
3.252827673480636617e-01
2.249087578766732598e+00
