-6.870818079461463098e-06
-4.369590259096917490e-06
-4.194874018438325831e-06
-5.581112778905130300e-06
-1.001051785414570141e-05
-9.488100099051932743e-06
-1.371107505194244033e-05
-2.192000461492560562e-05
-1.774223961884115419e-05
-1.323513378229130021e-05
-5.228016834814965084e-05
-1.633791434155972238e-04
-1.207195437624734944e-03
-4.182066920780445722e-04
-2.299551107865502059e-03
-3.095839899062758672e-04
-5.866214374197163510e-03
-2.088005971458988322e-02
-2.867725398371828716e-02
-2.126256506575384397e-02
-1.440173538133786638e-02
-2.822415838252066711e-02
-3.657210459027809835e-02
-1.174808690190489412e-02
-1.105530508699693881e-02
-7.909522931381276351e-03
-4.487883864166024132e-03
-3.807018342248125360e-03
-4.311303263385522430e-03
-4.667694182337644992e-03
-2.289553266116058170e-03
-1.440635204987155294e-03
2.860795056823033002e-03
2.306386399795224383e-03
-1.798629412708738868e-03
4.919368615920138160e-03
4.361971067122214114e-03
8.807203835255194430e-03
5.685750787340369816e-03
5.519050674946807816e-03
1.152149645431808055e-02
1.226039078697297932e-02
2.018896460953552296e-02
1.350368663761107244e-02
1.371775372477602138e-02
2.289235053466346162e-02
1.898341811009082031e-02
2.485085290734942443e-02
4.180778153962151633e-02
4.938334633049815819e-02
3.852083145783784940e-02
3.376093651189078504e-02
4.143961758213991070e-02
3.350404713829362169e-02
5.069013892019576251e-02
5.844118867590709226e-02
6.126998548550711271e-02
4.568273405255667691e-02
6.644522329424121243e-02
6.120516441156858417e-02
5.354985709468538385e-02
6.241900688081527399e-02
5.999138336085102496e-02
6.637934646925768012e-02
7.340098729075607287e-02
5.121582794221898188e-02
4.552077262143089387e-02
6.015553317822114332e-02
7.018402288426783819e-02
6.052887979706542826e-02
7.795554804002435834e-02
6.111167913698453691e-02
7.049602649884252614e-02
7.160791085225859387e-02
5.090341485212834111e-02
5.722822772905917371e-02
5.207129313951394667e-02
6.035887778101409196e-02
5.218205511454798023e-02
4.916409092895190208e-02
4.727952247441874478e-02
2.720175943680740865e-02
3.898915020738904363e-02
4.186497863913274387e-02
4.277799174498437412e-02
4.316771742463962336e-02
4.789583065251157984e-02
3.588287136998606630e-02
3.117580897508351670e-02
2.721197205090913201e-02
9.988779568136709267e-03
9.523553638641499633e-03
3.652555585723853138e-03
6.407992514027685375e-03
1.222716001808578368e-02
6.720886547222298208e-04
-1.125589936397587351e-02
-1.413897331176324629e-02
-1.303551269274487792e-02
-2.111336654777549310e-02
-2.597284026943505117e-02
-2.975307429655808106e-02
-2.914758163009166167e-02
-3.245460202729597010e-02
-3.764022587533787795e-02
-3.312877243768260621e-02
-3.357195761575767351e-02
-8.864208317496794637e-03
7.319061929180257879e-03
-1.522606024650093905e-02
-1.736136179212277933e-02
-2.035915547706507178e-02
-2.007557435940557702e-02
-1.224434970649369674e-02
-1.063562809339697532e-02
-5.757880770374472490e-03
-9.555054607543099487e-03
-9.562239481233584387e-03
-8.512863089704432104e-03
-9.297694356603951674e-03
-1.398145200376436914e-02
-1.390646151539033475e-02
-1.000302868771028517e-02
-8.383429572186084505e-03
-6.379386060447737872e-03
-1.165976709138034917e-02
-1.186103097878460876e-02
-7.161508635353819492e-03
-1.846205682872846228e-03
-3.469142631121095201e-03
-3.743996352413630265e-03
-3.731268456672843462e-03
-6.400615469431996871e-03
-7.933116552037274005e-03
-3.507361335648621816e-03
-6.373272406125172086e-07
-1.401529872019121941e-03
-1.388563836823999195e-03
-1.786647196161855449e-05
-5.518949597178549494e-05
-5.312869749634229919e-04
-1.294090935716168608e-02
-1.012934619648322120e-02
-4.104442110722717916e-04
