2.348064231505030824e-03
1.700483814752680066e-03
1.757763594415375288e-03
1.933736960156784510e-03
3.013368779666555919e-03
3.038024783181669970e-03
3.824422863918424276e-03
4.981153573837907196e-03
4.348826402562810424e-03
3.561925836557588900e-03
7.499117404148340250e-03
1.358432227080091925e-02
3.849503580854374274e-02
2.179919089012181260e-02
5.307073397130562808e-02
1.893014472289840378e-02
8.887452167096668298e-02
1.713233877161544072e-01
2.010766597689838953e-01
1.770149770502767450e-01
1.412529219100940314e-01
2.158016949011081209e-01
2.672439124894901985e-01
1.578740796266308588e-01
1.620833236047163894e-01
1.541367944423011616e-01
1.218477983657065694e-01
1.153998133431510115e-01
1.504920896005739472e-01
1.881620079394033529e-01
1.483004118422007467e-01
1.396338270142717108e-01
1.596329769061988757e-01
2.291614052114722966e-01
2.174015290403187028e-01
2.366688694664812465e-01
2.256590523236529644e-01
2.890455448507965874e-01
2.686472504088013302e-01
3.654397713413692905e-01
3.847279001725931180e-01
4.159633779487125760e-01
5.130991728136410357e-01
4.304620297456487887e-01
3.917185213245013009e-01
4.586920083840297924e-01
4.158807860081267238e-01
4.287826308954302834e-01
4.251024557362989564e-01
4.492529075694417506e-01
4.342442601376238498e-01
4.381188064482548494e-01
4.531396863702040201e-01
4.805007234575897623e-01
5.464686356600562123e-01
5.146377157291457394e-01
5.099184714285520670e-01
5.110584846020186367e-01
5.974735003660915922e-01
4.719840714270285842e-01
6.510783808027182928e-01
5.559255735472232729e-01
5.391817244664010023e-01
5.859302688851406593e-01
5.835938596289134139e-01
5.231974488524193667e-01
4.961065535363461398e-01
5.563744632880333052e-01
5.763225210043644298e-01
5.390061439179780756e-01
6.567016517473942550e-01
5.354818150706209812e-01
5.604115036945330752e-01
6.427948218045855810e-01
5.043536987872164756e-01
6.084680044131139942e-01
5.324058016510997415e-01
6.525893016735988539e-01
5.794303046862768758e-01
6.334736536742773261e-01
7.510279323203135071e-01
6.240833820576029423e-01
7.358750005951358863e-01
7.621678749059018765e-01
6.430364334768122747e-01
6.843543785475458829e-01
7.239024881783280296e-01
6.184816804832414805e-01
6.684650552119223432e-01
7.526272966027588440e-01
8.224433301475112534e-01
7.496354928271535822e-01
7.549483669739073255e-01
6.868239078466714664e-01
7.955217612410366845e-01
8.434481209519316680e-01
6.692036995144527989e-01
7.559433435505195087e-01
7.644393482956612917e-01
6.749285866881685747e-01
7.577973614803759084e-01
7.826929884969899831e-01
6.557663485374968237e-01
6.678097702833267757e-01
6.358731279654756818e-01
5.256522060869870394e-01
5.092032697867667768e-01
4.697019095378753284e-01
6.137010515024325930e-01
4.553267003279541925e-01
5.274456474787257987e-01
5.454458543373288393e-01
4.933538118574446463e-01
3.266283080508611825e-01
4.118351603954026330e-01
5.128423108315121048e-01
5.703277141457089305e-01
4.966026516112286293e-01
4.454408156679931508e-01
3.949894522420488441e-01
4.382988545999829677e-01
4.300040576712185203e-01
4.432756835111559823e-01
4.924722931714889396e-01
6.003309017390509039e-01
5.108200533316431535e-01
5.501341515764197609e-01
4.986451678986767999e-01
4.219867830935564168e-01
3.047231543991302249e-01
2.666488865043733503e-01
2.313030327906065442e-01
2.661627408060676658e-01
3.254272334070712480e-01
1.518758231505540346e-01
8.403712072096088679e-04
7.823924762632479546e-02
6.486318694612967783e-02
6.033170187277824351e-03
1.008069135286476271e-02
3.140467948522370628e-02
1.980797824784567007e-01
1.633000967851152840e-01
2.922760490651785809e-02
